16 21 23 29 31 33 42 49 58 63 
68 69 79 89 100 113 121 122 135 143 
147 164 167 183 190 196 203 204 217 222 
226 229 234 241 257 260 271 272 273 274 
281 282 289 298 306 324 328 330 346 356 
360 379 406 419 431 434 435 438 444 445 
454 459 459 467 476 495 495 502 514 514 
518 518 538 556 557 561 565 571 579 589 
590 601 612 620 627 628 638 661 664 664 
678 682 699 719 723 730 738 741 752 759 
767 770 772 778 782 783 785 791 796 799 
805 807 813 815 841 841 841 846 854 860 
870 885 892 900 913 932 936 945 949 977 
979 981 990 996 1015 1032 1041 1047 1054 1056 
1060 1063 1063 1079 1081 1083 1090 1092 1094 1100 
1102 1103 1115 1127 1133 1159 1174 1178 1181 1199 
1200 1207 1226 1233 1239 1258 1271 1282 1285 1285 
1296 1326 1328 1341 1357 1366 1369 1407 1418 1422 
1428 1443 1443 1443 1444 1445 1449 1457 1465 1469 
1473 1478 1479 1480 1482 1485 1494 1504 1512 1527 
1539 1543 1549 1549 1552 1576 1580 1591 1595 1597 
1600 1615 1623 1628 1632 1635 1639 1657 1657 1665 
1669 1677 1678 1682 1700 1715 1717 1718 1726 1755 
1755 1763 1767 1785 1796 1797 1824 1869 1877 1884 
1886 1902 1907 1910 1911 1926 1957 1958 1960 1968 
1972 1975 1983 1984 1989 1992 2005 2019 2022 2030 
2043 2046 2059 2059 2065 2066 2072 2073 2097 2111 
2128 2131 2132 2134 2143 2162 2168 2170 2174 2176 
2181 2193 2196 2216 2227 2232 2241 2246 2248 2255 
2264 2285 2285 2286 2296 2306 2317 2331 2355 2383 
2385 2388 2390 2404 2404 2410 2410 2415 2418 2430 
2431 2432 2452 2469 2471 2476 2481 2493 2494 2518 
2519 2522 2528 2542 2543 2547 2548 2553 2561 2563 
2584 2593 2605 2610 2613 2622 2622 2629 2638 2648 
2661 2669 2673 2691 2693 2695 2699 2718 2722 2724 
2733 2741 2748 2751 2753 2756 2760 2765 2800 2815 
2822 2823 2840 2841 2845 2851 2851 2871 2874 2887 
2907 2911 2911 2911 2922 2931 2942 2944 2988 2992 
2996 3004 3014 3042 3054 3061 3061 3062 3072 3085 
3090 3099 3100 3101 3106 3107 3115 3115 3138 3143 
3168 3185 3198 3204 3210 3220 3221 3227 3265 3268 
3277 3285 3300 3309 3316 3335 3346 3370 3434 3437 
3459 3483 3485 3490 3503 3505 3543 3560 3562 3573 
3581 3625 3628 3628 3649 3669 3670 3676 3682 3685 
3699 3705 3721 3729 3731 3738 3768 3771 3780 3780 
3785 3799 3806 3813 3819 3822 3823 3827 3838 3840 
3843 3891 3894 3900 3911 3919 3933 3973 3975 4003 
4030 4030 4041 4054 4066 4067 4069 4076 4101 4157 
4167 4184 4184 4190 4211 4216 4218 4221 4230 4242 
4250 4253 4262 4276 4282 4288 4305 4309 4332 4353 
4395 4410 4415 4432 4438 4443 4443 4444 4456 4468 
4478 4483 4485 4509 4512 4520 4525 4526 4557 4580 
4584 4604 4616 4631 4649 4670 4696 4702 4713 4724 
4731 4732 4736 4770 4778 4778 4811 4819 4819 4847 
4849 4856 4876 4880 4895 4897 4920 4955 4963 4976 
4998 5002 5012 5016 5031 5044 5047 5064 5088 5099 
5123 5131 5152 5174 5179 5202 5211 5257 5265 5268 
5272 5291 5292 5389 5413 5417 5440 5441 5455 5456 
5456 5461 5495 5501 5501 5504 5506 5508 5521 5524 
5530 5535 5558 5564 5575 5576 5583 5588 5595 5596 
5596 5607 5609 5612 5619 5621 5625 5649 5661 5673 
5673 5680 5703 5712 5726 5734 5756 5758 5776 5777 
5797 5803 5806 5808 5811 5843 5847 5870 5885 5886 
5896 5911 5933 5948 5971 5990 6001 6003 6014 6031 
6031 6036 6046 6050 6054 6065 6072 6086 6098 6108 
6117 6133 6140 6141 6162 6175 6185 6190 6191 6194 
6195 6207 6212 6212 6231 6234 6234 6260 6262 6287 
6302 6303 6305 6307 6313 6314 6323 6325 6327 6336 
6346 6355 6355 6376 6400 6411 6441 6455 6468 6478 
6478 6479 6506 6509 6517 6517 6527 6537 6539 6544 
6553 6581 6590 6599 6636 6659 6673 6684 6685 6713 
6747 6750 6751 6773 6778 6809 6818 6830 6842 6849 
6853 6854 6855 6859 6859 6867 6870 6892 6893 6915 
6924 6939 6939 6955 6959 6973 6979 6988 6996 7002 
7005 7018 7025 7032 7036 7036 7049 7069 7076 7077 
7103 7104 7109 7110 7127 7127 7128 7161 7170 7182 
7190 7195 7201 7204 7208 7216 7247 7251 7256 7259 
7265 7265 7270 7277 7277 7286 7296 7308 7337 7354 
7355 7358 7364 7365 7383 7384 7393 7394 7412 7432 
7440 7447 7450 7456 7462 7463 7473 7475 7482 7551 
7555 7559 7630 7650 7658 7665 7688 7691 7691 7695 
7700 7700 7713 7738 7746 7752 7770 7788 7789 7799 
7803 7813 7823 7826 7830 7836 7837 7840 7865 7869 
7875 7878 7882 7886 7886 7892 7903 7924 7947 7949 
8010 8017 8023 8027 8033 8044 8049 8060 8066 8087 
8088 8089 8119 8127 8137 8154 8163 8167 8180 8182 
8217 8240 8271 8285 8305 8326 8327 8356 8372 8375 
8387 8390 8425 8447 8450 8464 8477 8518 8536 8547 
8550 8574 8591 8602 8606 8618 8619 8640 8641 8650 
8665 8666 8687 8689 8715 8716 8719 8732 8734 8747 
8760 8786 8798 8811 8819 8823 8848 8872 8905 8909 
8915 8917 8939 8959 8969 8978 8991 9010 9025 9039 
9059 9064 9072 9085 9091 9095 9109 9114 9126 9128 
9141 9164 9193 9212 9218 9227 9242 9243 9246 9247 
9256 9259 9268 9281 9292 9296 9308 9309 9328 9346 
9355 9365 9379 9450 9476 9478 9479 9484 9494 9499 
9507 9509 9535 9548 9558 9562 9572 9578 9606 9618 
9619 9630 9641 9673 9692 9696 9732 9733 9753 9761 
9766 9797 9808 9822 9840 9842 9858 9901 9916 9923 
9934 9938 9945 9949 9962 9963 9965 9980 9982 9993 
