3 25 37 55 57 63 67 71 79 83 
101 105 115 118 140 150 162 177 186 189 
191 202 233 238 239 243 244 245 247 248 
249 258 266 297 304 305 305 307 307 311 
311 316 318 322 332 334 339 344 354 364 
366 367 371 376 384 391 402 408 409 413 
421 433 441 480 485 492 493 503 507 508 
512 515 517 529 529 535 539 566 568 570 
573 589 591 608 608 610 635 666 675 676 
684 712 713 721 730 745 764 768 770 774 
774 793 794 801 808 816 821 831 837 845 
845 846 848 848 850 852 855 856 870 873 
873 903 912 922 937 944 945 950 952 963 
974 979 979 982 1010 1011 1013 1016 1017 1024 
1035 1038 1040 1054 1055 1059 1073 1083 1098 1099 
1100 1102 1118 1124 1131 1166 1168 1173 1184 1199 
1200 1202 1217 1217 1221 1247 1249 1277 1279 1288 
1292 1294 1295 1298 1298 1310 1340 1341 1343 1351 
1353 1354 1365 1374 1384 1385 1386 1401 1402 1423 
1423 1433 1435 1448 1462 1472 1500 1501 1501 1503 
1558 1560 1561 1562 1579 1587 1592 1594 1613 1655 
1655 1663 1663 1664 1670 1674 1683 1693 1697 1705 
1709 1712 1718 1722 1740 1752 1755 1755 1778 1783 
1787 1795 1815 1821 1824 1827 1835 1842 1862 1885 
1893 1896 1900 1913 1917 1934 1950 1951 1970 1984 
1989 1996 2003 2006 2021 2036 2042 2045 2046 2051 
2052 2056 2066 2071 2074 2074 2083 2084 2101 2116 
2116 2130 2131 2134 2134 2139 2144 2152 2155 2162 
2164 2164 2171 2181 2188 2189 2201 2204 2207 2225 
2238 2248 2251 2258 2258 2277 2295 2296 2303 2323 
2366 2372 2398 2404 2406 2410 2429 2435 2438 2446 
2450 2453 2456 2463 2482 2492 2495 2500 2551 2554 
2560 2571 2572 2575 2595 2597 2599 2606 2614 2633 
2635 2656 2680 2683 2684 2691 2692 2702 2713 2717 
2723 2726 2736 2744 2754 2775 2782 2788 2792 2811 
2812 2855 2865 2890 2891 2894 2974 2978 2981 3009 
3042 3045 3068 3076 3095 3104 3114 3120 3138 3173 
3174 3197 3205 3206 3208 3214 3215 3217 3223 3227 
3232 3233 3240 3249 3268 3283 3292 3311 3319 3322 
3325 3335 3357 3369 3369 3390 3420 3426 3448 3451 
3457 3461 3497 3510 3511 3513 3516 3516 3532 3550 
3570 3572 3575 3632 3655 3683 3684 3698 3701 3721 
3726 3729 3731 3740 3741 3751 3758 3759 3787 3787 
3788 3794 3799 3803 3808 3809 3839 3856 3869 3873 
3885 3885 3889 3900 3902 3903 3910 3913 3920 3931 
3956 3965 3978 3978 3982 3983 3988 3991 3994 3998 
4011 4026 4040 4060 4073 4089 4102 4102 4134 4140 
4161 4163 4190 4202 4232 4232 4237 4237 4238 4261 
4267 4273 4289 4296 4313 4313 4315 4334 4353 4355 
4366 4377 4382 4385 4401 4442 4446 4453 4459 4463 
4471 4474 4482 4499 4515 4525 4530 4548 4557 4564 
4576 4605 4611 4617 4620 4645 4659 4672 4679 4694 
4703 4722 4723 4731 4737 4770 4771 4775 4791 4792 
4806 4822 4843 4844 4850 4886 4925 4926 4936 4946 
4952 4983 4985 4987 4993 4997 5021 5025 5032 5049 
5059 5069 5075 5076 5083 5094 5116 5117 5121 5127 
5142 5147 5171 5178 5181 5207 5209 5221 5245 5267 
5291 5293 5318 5325 5332 5340 5365 5399 5423 5425 
5469 5477 5499 5501 5513 5514 5549 5575 5595 5597 
5599 5616 5619 5628 5631 5638 5639 5678 5680 5683 
5688 5693 5696 5698 5713 5715 5732 5762 5762 5764 
5773 5794 5799 5872 5874 5879 5879 5881 5892 5898 
5900 5904 5904 5917 5918 5934 5945 5949 5951 5966 
5979 5991 6009 6032 6043 6063 6075 6078 6082 6086 
6091 6104 6115 6123 6123 6131 6136 6136 6139 6145 
6150 6165 6169 6170 6173 6176 6199 6247 6266 6280 
6296 6301 6308 6311 6317 6325 6341 6382 6442 6464 
6465 6475 6475 6521 6533 6555 6578 6583 6620 6622 
6632 6640 6649 6663 6666 6681 6688 6691 6695 6713 
6722 6724 6727 6738 6740 6743 6746 6758 6768 6788 
6794 6807 6812 6812 6839 6845 6866 6868 6871 6877 
6880 6890 6927 6943 6969 6971 6981 7002 7006 7022 
7049 7106 7108 7113 7165 7170 7173 7180 7198 7208 
7254 7255 7259 7259 7260 7269 7276 7294 7318 7322 
7330 7330 7330 7336 7344 7348 7354 7360 7384 7390 
7414 7424 7441 7446 7450 7455 7466 7486 7486 7499 
7506 7548 7556 7565 7587 7599 7628 7655 7666 7670 
7677 7679 7686 7694 7727 7744 7748 7753 7764 7766 
7769 7772 7773 7774 7777 7803 7839 7851 7856 7858 
7860 7861 7875 7920 7943 7944 7955 7962 7965 7986 
7989 7995 7995 8010 8029 8031 8040 8060 8068 8088 
8105 8107 8113 8127 8138 8163 8166 8168 8182 8184 
8193 8193 8194 8220 8241 8241 8244 8244 8255 8260 
8262 8263 8266 8267 8274 8278 8286 8294 8297 8303 
8311 8319 8381 8383 8386 8401 8410 8435 8438 8445 
8460 8469 8469 8473 8487 8496 8503 8505 8510 8513 
8522 8532 8534 8537 8557 8580 8592 8596 8596 8609 
8617 8636 8639 8642 8647 8656 8677 8697 8713 8719 
8741 8759 8761 8761 8773 8778 8791 8796 8800 8801 
8801 8810 8813 8820 8846 8861 8871 8882 8888 8898 
8906 8912 8918 8958 8960 8967 8998 9001 9024 9031 
9032 9037 9038 9038 9041 9044 9048 9063 9072 9076 
9092 9098 9104 9105 9108 9117 9130 9189 9219 9245 
9250 9262 9271 9272 9276 9278 9355 9388 9389 9390 
9410 9423 9428 9442 9467 9470 9491 9512 9543 9544 
9545 9551 9559 9579 9601 9616 9621 9622 9625 9627 
9644 9657 9672 9681 9684 9689 9728 9777 9778 9801 
9805 9818 9826 9827 9833 9848 9848 9850 9861 9881 
9889 9890 9899 9918 9918 9922 9924 9926 9934 9938 
9941 9948 9948 9957 9964 9967 9968 9971 9974 9980 
