5 16 21 23 32 34 40 43 60 61 
64 80 82 84 87 97 97 105 112 113 
115 127 136 139 170 179 199 203 207 215 
239 241 248 251 264 277 293 318 330 339 
350 353 360 369 383 387 387 389 390 392 
399 400 417 425 427 430 434 445 449 450 
457 463 482 485 500 514 548 551 560 564 
590 604 612 615 617 619 629 641 646 657 
671 673 675 695 697 705 717 725 727 727 
745 756 759 761 771 774 776 781 788 793 
793 793 813 826 842 848 856 861 862 867 
867 871 874 877 880 896 926 926 943 945 
953 988 994 997 999 1016 1031 1034 1042 1046 
1057 1057 1059 1063 1064 1070 1088 1091 1095 1109 
1114 1132 1135 1137 1145 1148 1158 1169 1179 1194 
1216 1232 1233 1234 1239 1241 1245 1247 1252 1258 
1260 1266 1270 1276 1288 1292 1300 1300 1303 1316 
1317 1322 1326 1326 1341 1352 1355 1361 1384 1390 
1395 1403 1408 1418 1426 1445 1449 1452 1472 1476 
1479 1482 1487 1492 1494 1494 1502 1520 1549 1551 
1552 1560 1569 1569 1631 1665 1674 1681 1699 1699 
1700 1703 1704 1730 1752 1754 1756 1768 1783 1783 
1793 1808 1823 1825 1827 1840 1850 1857 1862 1863 
1875 1899 1902 1904 1916 1922 1935 1936 1949 1949 
1952 1954 1957 1957 1964 1964 1968 1977 1978 2002 
2009 2029 2038 2040 2045 2078 2081 2084 2092 2094 
2096 2120 2125 2136 2152 2158 2160 2166 2171 2180 
2181 2182 2194 2202 2209 2213 2228 2231 2232 2239 
2241 2247 2251 2252 2255 2258 2275 2284 2295 2297 
2307 2309 2314 2323 2324 2335 2346 2349 2374 2374 
2385 2389 2389 2390 2402 2426 2448 2452 2453 2457 
2465 2476 2492 2497 2504 2507 2514 2520 2526 2527 
2532 2534 2536 2540 2542 2550 2566 2566 2573 2578 
2579 2580 2588 2611 2613 2619 2622 2623 2624 2624 
2626 2626 2628 2632 2635 2642 2651 2652 2665 2665 
2667 2669 2694 2704 2710 2714 2717 2723 2730 2733 
2739 2756 2757 2767 2803 2803 2809 2812 2813 2833 
2846 2855 2868 2874 2892 2896 2919 2930 2939 2942 
2948 2954 2958 2984 3001 3027 3036 3053 3070 3072 
3073 3074 3087 3128 3136 3138 3139 3161 3162 3163 
3178 3185 3234 3235 3243 3270 3276 3316 3322 3334 
3354 3371 3447 3449 3450 3467 3496 3499 3511 3520 
3538 3542 3578 3595 3603 3613 3615 3631 3648 3663 
3665 3666 3667 3696 3722 3724 3736 3751 3758 3761 
3766 3769 3772 3809 3823 3830 3832 3835 3849 3853 
3872 3880 3888 3893 3912 3915 3916 3930 3936 3953 
3961 3961 3967 3995 4028 4051 4056 4058 4063 4075 
4087 4111 4149 4166 4179 4193 4199 4208 4232 4235 
4242 4243 4251 4258 4264 4276 4279 4279 4281 4286 
4319 4323 4325 4332 4334 4338 4352 4356 4356 4365 
4378 4384 4391 4395 4412 4425 4441 4450 4453 4454 
4475 4477 4498 4518 4523 4526 4526 4532 4534 4536 
4537 4565 4569 4574 4575 4581 4585 4594 4604 4615 
4626 4627 4641 4641 4654 4655 4655 4681 4685 4687 
4708 4715 4717 4717 4725 4732 4733 4740 4761 4778 
4787 4810 4815 4821 4830 4858 4862 4904 4937 4957 
4991 4994 5018 5022 5024 5027 5038 5041 5046 5048 
5053 5055 5068 5079 5109 5127 5136 5143 5159 5161 
5191 5196 5200 5202 5210 5215 5228 5253 5256 5257 
5270 5274 5284 5287 5296 5302 5306 5322 5323 5327 
5332 5364 5375 5377 5387 5403 5421 5471 5491 5492 
5492 5504 5534 5542 5558 5575 5576 5592 5597 5597 
5611 5637 5639 5650 5651 5652 5657 5667 5680 5688 
5694 5702 5715 5730 5740 5741 5752 5768 5793 5796 
5815 5822 5830 5831 5842 5856 5879 5883 5883 5892 
5893 5893 5897 5905 5932 5935 5944 5960 5962 5971 
5993 6000 6028 6032 6032 6079 6102 6105 6115 6119 
6128 6155 6155 6171 6178 6184 6191 6217 6219 6223 
6232 6235 6249 6251 6253 6280 6289 6293 6301 6320 
6369 6370 6376 6379 6381 6384 6396 6409 6409 6418 
6440 6441 6441 6474 6483 6497 6538 6559 6561 6562 
6585 6618 6628 6636 6638 6647 6666 6697 6700 6726 
6738 6760 6773 6791 6810 6828 6832 6833 6834 6839 
6857 6868 6917 6923 6927 6937 6944 6961 6972 6978 
7006 7017 7017 7019 7039 7042 7042 7057 7072 7073 
7073 7097 7101 7129 7138 7141 7142 7161 7166 7188 
7197 7199 7206 7213 7221 7222 7223 7226 7237 7240 
7259 7267 7272 7278 7295 7326 7349 7364 7368 7368 
7370 7380 7405 7411 7413 7414 7424 7437 7475 7476 
7493 7502 7513 7522 7525 7562 7582 7603 7644 7645 
7652 7673 7734 7748 7753 7756 7776 7776 7793 7795 
7798 7803 7817 7833 7840 7840 7849 7853 7859 7866 
7875 7892 7894 7899 7902 7906 7914 7916 7920 7920 
7932 7939 7941 7946 7947 7961 7963 7964 7984 7986 
7987 8024 8036 8043 8043 8051 8056 8059 8067 8093 
8095 8123 8124 8141 8148 8148 8151 8151 8153 8158 
8169 8179 8182 8195 8198 8233 8284 8295 8343 8355 
8356 8356 8357 8374 8381 8384 8385 8395 8398 8410 
8431 8458 8464 8474 8490 8507 8526 8530 8530 8532 
8540 8578 8592 8593 8643 8648 8686 8724 8726 8727 
8755 8776 8791 8794 8802 8807 8830 8830 8857 8870 
8901 8903 8903 8922 8924 8925 8933 8942 8948 8950 
8959 8964 8987 8996 9001 9023 9062 9069 9082 9085 
9103 9114 9116 9153 9168 9169 9198 9210 9251 9258 
9264 9264 9266 9266 9273 9275 9275 9276 9279 9294 
9300 9306 9308 9312 9323 9329 9352 9375 9389 9396 
9396 9411 9416 9454 9475 9493 9517 9539 9552 9552 
9558 9566 9571 9596 9603 9607 9654 9659 9660 9684 
9717 9718 9732 9738 9757 9779 9785 9786 9787 9802 
9815 9845 9859 9866 9872 9877 9889 9902 9956 9991 
