1 25 38 44 47 54 65 86 86 101 
112 113 118 119 126 127 133 143 180 190 
194 214 233 239 248 252 257 266 281 281 
298 308 327 332 335 349 350 354 358 359 
360 382 388 391 419 426 433 435 436 450 
457 469 477 480 503 522 528 532 533 533 
537 539 573 577 584 590 591 594 594 594 
608 612 614 624 641 642 679 693 693 705 
707 719 726 734 736 739 747 752 757 800 
803 807 819 822 834 840 840 844 859 866 
867 877 888 888 893 904 912 926 933 947 
949 976 976 985 997 1027 1042 1046 1051 1059 
1061 1062 1074 1094 1101 1102 1102 1111 1127 1129 
1142 1175 1183 1194 1203 1207 1216 1221 1237 1238 
1240 1241 1249 1255 1278 1291 1291 1300 1313 1314 
1323 1325 1330 1334 1369 1372 1373 1388 1389 1389 
1393 1402 1407 1413 1426 1430 1445 1451 1452 1462 
1467 1494 1500 1511 1526 1539 1558 1574 1581 1581 
1586 1593 1597 1601 1605 1607 1631 1637 1649 1652 
1652 1653 1655 1667 1667 1674 1676 1680 1681 1695 
1731 1733 1749 1763 1768 1770 1774 1776 1779 1792 
1794 1797 1799 1802 1803 1806 1815 1819 1823 1835 
1841 1846 1847 1851 1852 1857 1857 1863 1873 1884 
1891 1897 1910 1910 1911 1919 1940 1950 1964 1966 
1999 2001 2002 2007 2012 2020 2020 2021 2025 2029 
2036 2049 2055 2060 2062 2062 2065 2068 2088 2089 
2099 2108 2110 2113 2114 2114 2133 2134 2136 2141 
2144 2147 2156 2156 2158 2164 2174 2191 2199 2211 
2212 2213 2222 2224 2236 2236 2238 2240 2245 2246 
2256 2266 2278 2279 2279 2282 2285 2288 2293 2295 
2298 2299 2308 2314 2329 2331 2331 2333 2339 2352 
2352 2357 2383 2391 2428 2437 2446 2446 2446 2456 
2462 2464 2466 2471 2475 2487 2489 2493 2513 2518 
2521 2524 2527 2560 2572 2577 2581 2594 2599 2609 
2610 2612 2617 2624 2630 2650 2654 2660 2660 2663 
2691 2698 2700 2738 2743 2743 2745 2747 2754 2759 
2764 2765 2769 2774 2781 2784 2797 2804 2814 2830 
2872 2880 2911 2937 2952 2972 2990 2997 3009 3010 
3019 3019 3023 3031 3047 3067 3083 3100 3102 3118 
3131 3136 3152 3161 3188 3195 3205 3206 3213 3234 
3258 3273 3287 3295 3313 3318 3341 3367 3379 3402 
3419 3447 3448 3456 3473 3475 3478 3488 3504 3505 
3506 3538 3565 3577 3577 3611 3621 3635 3636 3640 
3653 3680 3690 3698 3703 3706 3719 3722 3737 3742 
3744 3749 3777 3779 3799 3801 3807 3823 3824 3827 
3841 3854 3861 3868 3880 3900 3929 3933 3958 3961 
3962 3974 3984 3987 4021 4034 4035 4042 4053 4065 
4077 4097 4104 4106 4122 4136 4167 4172 4181 4186 
4193 4226 4233 4234 4257 4263 4290 4300 4323 4326 
4329 4335 4337 4359 4364 4366 4370 4378 4388 4395 
4415 4418 4427 4439 4444 4453 4458 4468 4493 4497 
4532 4536 4551 4580 4583 4591 4612 4619 4621 4621 
4630 4632 4633 4650 4669 4680 4683 4684 4710 4716 
4729 4755 4760 4772 4808 4808 4809 4811 4816 4824 
4846 4860 4894 4895 4896 4899 4922 4988 4988 5006 
5016 5020 5028 5036 5046 5049 5052 5077 5080 5081 
5083 5091 5102 5113 5149 5150 5153 5182 5191 5213 
5260 5288 5314 5318 5320 5328 5336 5340 5344 5364 
5367 5376 5381 5435 5449 5468 5503 5512 5527 5529 
5531 5537 5551 5574 5578 5579 5597 5598 5600 5608 
5612 5619 5643 5654 5679 5685 5695 5702 5711 5721 
5727 5743 5772 5782 5782 5794 5806 5814 5822 5840 
5850 5851 5853 5873 5875 5879 5905 5906 5921 5927 
5932 5942 5966 5968 5983 6002 6004 6005 6010 6015 
6018 6018 6020 6036 6050 6057 6059 6063 6072 6078 
6105 6118 6122 6156 6157 6159 6167 6181 6204 6207 
6210 6222 6229 6244 6262 6267 6267 6273 6285 6308 
6323 6331 6334 6335 6347 6354 6384 6385 6387 6388 
6392 6403 6413 6436 6457 6463 6478 6493 6515 6526 
6526 6530 6532 6546 6554 6556 6557 6558 6570 6616 
6665 6673 6681 6687 6703 6704 6712 6726 6726 6727 
6752 6752 6759 6783 6798 6799 6811 6814 6818 6833 
6835 6843 6849 6859 6871 6878 6891 6907 6910 6912 
6928 6945 6952 6952 6958 6979 6993 7005 7007 7014 
7025 7035 7036 7037 7064 7065 7066 7071 7081 7125 
7133 7141 7156 7160 7176 7187 7192 7208 7232 7232 
7252 7265 7270 7296 7333 7341 7343 7361 7361 7364 
7371 7375 7411 7435 7445 7449 7467 7478 7496 7521 
7524 7527 7529 7529 7533 7540 7569 7572 7578 7586 
7602 7611 7622 7629 7660 7666 7673 7701 7701 7719 
7721 7723 7726 7741 7741 7766 7770 7797 7801 7806 
7821 7836 7840 7843 7856 7877 7884 7884 7887 7913 
7941 7943 7960 7978 8004 8046 8083 8090 8092 8100 
8108 8115 8120 8121 8126 8135 8222 8223 8232 8237 
8242 8251 8254 8256 8281 8290 8297 8311 8327 8343 
8346 8365 8404 8405 8417 8457 8470 8471 8482 8505 
8509 8516 8517 8519 8523 8538 8540 8548 8561 8572 
8572 8575 8578 8587 8604 8609 8630 8651 8659 8663 
8679 8681 8682 8697 8701 8709 8729 8736 8740 8744 
8747 8751 8768 8775 8784 8821 8837 8840 8854 8855 
8858 8870 8871 8878 8881 8882 8888 8907 8911 8920 
8923 8929 8929 8936 8937 8937 8940 8945 8947 8957 
8965 9005 9042 9047 9060 9070 9083 9090 9093 9097 
9121 9122 9132 9133 9141 9147 9154 9160 9162 9163 
9177 9190 9201 9211 9215 9244 9264 9266 9272 9296 
9297 9303 9306 9311 9313 9333 9334 9344 9349 9361 
9393 9404 9453 9455 9459 9476 9502 9508 9517 9533 
9541 9554 9570 9576 9588 9596 9605 9609 9620 9621 
9642 9654 9689 9717 9725 9727 9733 9763 9780 9793 
9798 9802 9822 9827 9847 9897 9911 9921 9992 9998 
